1 200
2 234
3 278
4 328
5 372
6 457
7 538
8 637
9 751
10 887
11 1046
12 1235
13 1457
14 1719
15 2029
16 2394
17 2825
18 3334
19 3934
20 4642
21 5478
22 6464
23 7628
24 9001
25 10621
26 12533
27 14789
28 17451
29 20593
30 24300
31 29534
32 35896
33 43628
34 53025
35 64447
36 78329
37 95201
38 115707
39 140631
40 170923
41 207000
42 252000
43 306000
44 372000
45 453000
46 550000
47 669000
48 813000
49 989000
50 1202000
51 1372000
52 1380000
53 1389000
54 1398000
55 1408000
56 1418000
57 1429000
58 1441000
59 1453000
60 1465000
61 1478000
62 1492000
63 1507000
64 1522000
65 1538000
66 1555000
67 1572000
68 1591000
69 1610000
70 1631000
71 2106000
72 2212000
73 2322000
74 2439000
75 2560000
76 2689000
77 2823000
78 2964000
79 3112000
80 3268000
81 3431000
82 3603000
83 3783000
84 3972000
85 4171000 
86 4380000 
87 4599000 
88 4829000 
89 5070000 
90 5324000 
91 16682000
92 17683000
93 18744000
94 19868000
95 21061000
96 22324000
97 23664000
98 25084000
99 26589000
100 28184000

